1.00 0.63 0.57 0.66 0.67 0.64 0.71 0.62 0.65 0.77 0.59 0.66 0.62 0.65 0.31
0.63 1.00 0.70 0.75 0.77 0.76 0.79 0.68 0.70 0.70 0.69 0.76 0.72 0.68 0.28
0.57 0.70 1.00 0.81 0.83 0.86 0.82 0.70 0.81 0.73 0.72 0.86 0.76 0.73 0.41
0.66 0.75 0.81 1.00 0.90 0.96 0.88 0.73 0.87 0.79 0.79 0.94 0.90 0.82 0.34
0.67 0.77 0.83 0.90 1.00 0.92 0.94 0.76 0.89 0.76 0.84 0.93 0.89 0.80 0.39
0.64 0.76 0.86 0.96 0.92 1.00 0.90 0.75 0.89 0.79 0.77 0.96 0.91 0.83 0.33
0.71 0.79 0.82 0.88 0.94 0.90 1.00 0.78 0.87 0.79 0.83 0.89 0.88 0.81 0.39
0.62 0.68 0.70 0.73 0.76 0.75 0.78 1.00 0.75 0.72 0.64 0.74 0.72 0.63 0.37
0.65 0.70 0.81 0.87 0.89 0.89 0.87 0.75 1.00 0.73 0.79 0.87 0.83 0.75 0.39
0.77 0.70 0.73 0.79 0.76 0.79 0.79 0.72 0.73 1.00 0.60 0.82 0.70 0.71 0.34
0.59 0.69 0.72 0.79 0.84 0.77 0.83 0.64 0.79 0.60 1.00 0.75 0.81 0.76 0.45
0.66 0.76 0.86 0.94 0.93 0.96 0.89 0.74 0.87 0.82 0.75 1.00 0.90 0.81 0.33
0.62 0.72 0.76 0.90 0.89 0.91 0.88 0.72 0.83 0.70 0.81 0.90 1.00 0.85 0.33
0.65 0.68 0.73 0.82 0.80 0.83 0.81 0.63 0.75 0.71 0.76 0.81 0.85 1.00 0.28
0.31 0.28 0.41 0.34 0.39 0.33 0.39 0.37 0.39 0.34 0.45 0.33 0.33 0.28 1.00
