1.00 0.96 0.64 0.33 0.79 0.77 0.89 0.92 0.86 0.96 0.83 0.76 0.75 0.91 0.90
0.96 1.00 0.66 0.34 0.79 0.79 0.87 0.90 0.81 0.94 0.82 0.75 0.73 0.90 0.88
0.64 0.66 1.00 0.31 0.77 0.59 0.65 0.67 0.57 0.66 0.65 0.63 0.62 0.62 0.71
0.33 0.34 0.31 1.00 0.34 0.45 0.39 0.39 0.41 0.33 0.28 0.28 0.37 0.33 0.39
0.79 0.79 0.77 0.34 1.00 0.60 0.73 0.76 0.73 0.82 0.71 0.70 0.72 0.70 0.79
0.77 0.79 0.59 0.45 0.60 1.00 0.79 0.84 0.72 0.75 0.76 0.69 0.64 0.81 0.83
0.89 0.87 0.65 0.39 0.73 0.79 1.00 0.89 0.81 0.87 0.75 0.70 0.75 0.83 0.87
0.92 0.90 0.67 0.39 0.76 0.84 0.89 1.00 0.83 0.93 0.80 0.77 0.76 0.89 0.94
0.86 0.81 0.57 0.41 0.73 0.72 0.81 0.83 1.00 0.86 0.73 0.70 0.70 0.76 0.82
0.96 0.94 0.66 0.33 0.82 0.75 0.87 0.93 0.86 1.00 0.81 0.76 0.74 0.90 0.89
0.83 0.82 0.65 0.28 0.71 0.76 0.75 0.80 0.73 0.81 1.00 0.68 0.63 0.85 0.81
0.76 0.75 0.63 0.28 0.70 0.69 0.70 0.77 0.70 0.76 0.68 1.00 0.68 0.72 0.79
0.75 0.73 0.62 0.37 0.72 0.64 0.75 0.76 0.70 0.74 0.63 0.68 1.00 0.72 0.78
0.91 0.90 0.62 0.33 0.70 0.81 0.83 0.89 0.76 0.90 0.85 0.72 0.72 1.00 0.88
0.90 0.88 0.71 0.39 0.79 0.83 0.87 0.94 0.82 0.89 0.81 0.79 0.78 0.88 1.00
